36.317745,127.367424
36.3177789,127.3675334
36.3177791,127.3673832
36.3177968,127.3675837
36.3178248,127.3673522
36.3178557,127.36772
36.3178769,127.367763
36.3178991,127.3678
36.3179933,127.3672524
36.3179703,127.3678217
36.3180303,127.3672318
36.3180693,127.3672071
36.3180535,127.3678227
36.3181097,127.3671827
36.3180921,127.367825
36.3181097,127.3679122
36.3181501,127.3671608
36.318132,127.367829
36.3181543,127.367896
36.3181958,127.3671364
36.3181725,127.3678458
36.318195,127.367798
36.318218,127.36776
36.318237,127.367714
36.3182435,127.3678892
36.318253,127.367668
36.3182632,127.367175
36.318272,127.367622
36.3182817,127.3678877
36.318279,127.367226
36.318287,127.367577
36.318284,127.3670909
36.318295,127.367279
36.318306,127.367531
36.31831,127.367332
36.3183172,127.3678794
36.318321,127.367485
36.3183249,127.3670797
36.3183263,127.3673829
36.31834,127.367439
36.3183522,127.3678691
36.318379,127.3674407
36.3183699,127.3670527
36.3183918,127.3678604
36.3184195,127.367446
36.3184143,127.3670257
36.3184317,127.36785
36.3184552,127.3669987
36.3184638,127.3674517
36.3184751,127.3678397
36.3184994,127.3669693
36.3185097,127.367458
36.3185141,127.3678303
36.318539,127.366951
36.3185503,127.367828
36.3185592,127.3674647
36.3185842,127.3669503
36.3185916,127.3678177
36.3186105,127.3674713
36.3186282,127.3669476
36.3186298,127.3678023
36.3186624,127.367479
36.3186731,127.3669469
36.318672,127.36779
36.3187127,127.3674877
36.3187126,127.3677756
36.3187191,127.3669456
36.3187615,127.3674943
36.318749,127.3677547
36.3187667,127.3669463
36.3187844,127.3677313
36.3188097,127.3675027
36.3188111,127.3669456
36.318813,127.367691
36.3188336,127.3676457
36.3188546,127.3675073
36.318851,127.367599
36.3188555,127.3669456
36.3188557,127.3675527
36.3188557,127.3673837
36.3188552,127.3674401
36.3188592,127.3672797
36.318857,127.367331
36.3188573,127.367069
36.3188568,127.3671307
36.3188579,127.3671807
36.318857,127.3670033
36.3182429,127.3671059
36.3179493,127.3672754
36.3178683,127.3673247
36.3177381,127.3674132
36.3178183,127.3676268
36.3178337,127.3676761
36.3179307,127.367819
36.3177581,127.367477
36.3180104,127.367821
36.3182006,127.3678908
36.3179101,127.367298
36.3180707,127.3679251
36.3188583,127.3672308
